[Player]
BallTrailStrength = 0.392157
OverrideTableEmissionScale = 0
ScreenPlayerZ = 94.692413

[TableOverride]
ViewCabMode = 2
ViewCabScaleX = 1.219236
ViewCabScaleY = 1.143371
ViewCabScaleZ = 1.000000
ViewCabRotation = 180.000000
ViewCabHOfs = 2.763500
ViewCabVOfs = 0
ViewCabWindowTop = 361.652924
ViewCabWindowBot = 127.814201
