[Player]
BallTrailStrength = 0.490196
AlphaRampAccuracy = 10
OverrideTableEmissionScale = 1
ScreenPlayerY = 7.993648
ScreenPlayerZ = 100.011185
ScreenWidth = 0.000000
ScreenHeight = 0.000000
ScreenInclination = 0.000000
DynamicDayNight = 0
EmissionScale = 0.188605

[TableOverride]
ViewCabMode = 2
ViewCabScaleX = 1.176341
ViewCabScaleY = 0.999741
ViewCabScaleZ = 0.905508
ViewCabRotation = 180.000000
ViewCabHOfs = 0.000000
ViewCabVOfs = 0.026016
ViewCabWindowTop = 125.762077
ViewCabWindowBot = 0.663194
ToneMapper = 1