[TableOverride]
ViewCabMode = 2
ViewCabScaleX = 1.136556
ViewCabScaleY = 1.051460
ViewCabScaleZ = 0.796117
ViewCabRotation = 180.000000
ViewCabHOfs = 0.045000
ViewCabVOfs = -18.435080
ViewCabWindowTop = 292.908844
ViewCabWindowBot = 83.953270

[Standalone]
BackBufferScale = 0.416666
PinMAMEWindow = 0
B2SHideB2SDMD = 1

[TableOption]
Select LUT = 0.000000
Cabinet Rails = 0.000000
Color Ramps = 2.000000
Marilyn MOD = 1.000000