[Player]
BallTrailStrength = 0.392157
AlphaRampAccuracy = 10
OverrideTableEmissionScale = 0
ScreenPlayerZ = 100.251236
ScreenWidth = 0.000000
ScreenHeight = 0.000000
ScreenInclination = 0.000000
ScreenPlayerY = 18.283405

[TableOverride]
ViewCabMode = 2
ViewCabScaleX = 1.209333
ViewCabScaleY = 1.059576
ViewCabScaleZ = 1.000000
ViewCabRotation = 180.000000
ViewCabHOfs = 0.000000
ViewCabVOfs = -34.238426
ViewCabWindowTop = 376.862854
ViewCabWindowBot = 80.496216
