[TableOverride]
ViewCabMode = 2
ViewCabScaleX = 1.026602
ViewCabScaleY = 0.986922
ViewCabScaleZ = 0.856752
ViewCabRotation = 180.000000
ViewCabHOfs = 0.000000
ViewCabVOfs = 35.802074
ViewCabWindowTop = 0.330914
ViewCabWindowBot = 0.442277