[Player]
BallTrailStrength = 0.490196
OverrideTableEmissionScale = 0

[TableOverride]
ViewCabMode = 2
ViewCabScaleX = 1.059752
ViewCabScaleY = 1.020072
ViewCabScaleZ = 0.889901
ViewCabRotation = 180.000000
ViewCabHOfs = 0.000000
ViewCabVOfs = -14.144300
ViewCabWindowTop = 82.584854
ViewCabWindowBot = 83.953270