[Player]
BallTrailStrength = 0.392157
AlphaRampAccuracy = 10
OverrideTableEmissionScale = 0
ScreenPlayerZ = 95.270760
ScreenWidth = 0.000000
ScreenHeight = 0.000000
ScreenInclination = 0.000000
ScreenPlayerY = 22.000000

[TableOverride]
ViewCabMode = 2
ViewCabScaleX = 1.236452
ViewCabScaleY = 0.958976
ViewCabScaleZ = 1.000000
ViewCabRotation = 180.000000
ViewCabHOfs = 1.689798
ViewCabVOfs = -49.868393
ViewCabWindowTop = 326.572937
ViewCabWindowBot = 117.529243
