[TableOverride]
ViewCabMode = 2
ViewCabScaleX = 1.250762
ViewCabScaleY = 1.017390
ViewCabScaleZ = 0.859642
ViewCabRotation = 180.000000
ViewCabHOfs = 0.000000
ViewCabVOfs = 0.041922
ViewCabWindowTop = 639.098206
ViewCabWindowBot = 299.994080

[Player]
ScreenPlayerY = 20.002607
ScreenPlayerZ = 132.935562
ScreenWidth                     = 70
ScreenHeight                    = 40
ScreenInclination               = 10