[Player]
BallTrailStrength = 1.000000
OverrideTableEmissionScale = 0

[TableOverride]
ViewCabMode = 2
ViewCabScaleX = 1.044026
ViewCabScaleY = 1.004346
ViewCabScaleZ = 0.874176
ViewCabRotation = 180.000000
ViewCabHOfs = 0.000000
ViewCabVOfs = 0.000000
ViewCabWindowTop = 325.541931
ViewCabWindowBot = 83.953270