[Player]
BallTrailStrength = 0.117647
AlphaRampAccuracy = 10
OverrideTableEmissionScale = 1
DynamicDayNight = 0
EmissionScale = 0.100330
ScreenWidth = 0.000000
ScreenHeight = 0.000000
ScreenInclination = 0.000000
ScreenPlayerY = 16.334351
ScreenPlayerZ = 90.251465
AAFactor = 0.95

[TableOverride]
ViewCabMode = 2
ViewCabScaleX = 1.245266
ViewCabScaleY = 1.088035
ViewCabScaleZ = 1.000000
ViewCabRotation = 180.000000
ViewCabHOfs = 1.556000
ViewCabVOfs = -51.236809
ViewCabWindowTop = 376.380920
ViewCabWindowBot = 116.545212

[Standalone]
BackBufferScale = 0.416666