[TableOverride]
ViewCabMode = 2
ViewCabScaleX = 1.150403
ViewCabScaleY = 0.942268
ViewCabScaleZ = 0.962275
ViewCabRotation = 180.000000
ViewCabHOfs = 0.026401
ViewCabVOfs = 0.000000
ViewCabWindowTop = 230.031006
ViewCabWindowBot = 0.627212

[Player]
ScreenPlayerY = 14.979353
ScreenPlayerZ = 90.037560
ScreenWidth = 0.000000
ScreenHeight = 0.000000
ScreenInclination = 0.000000
JoyAddCredit2Key = 1
OverrideTableEmissionScale = 1
DynamicDayNight = 0
EmissionScale = 0.446965
AAFactor = 0.90