[TableOverride]
ViewCabMode = 2
ViewCabScaleX = 1.130956
ViewCabScaleY = 0.945090
ViewCabScaleZ = 0.962275
ViewCabRotation = 180.000000
ViewCabHOfs = 0.026401
ViewCabVOfs = 0.000000
ViewCabWindowTop = 242.494019
ViewCabWindowBot = 0.627212

[Player]
ScreenPlayerY = 8.010799
ScreenPlayerZ = 99.978081
ScreenWidth = 0.000000
ScreenHeight = 0.000000
ScreenInclination = 0.000000
JoyAddCredit2Key = 1
OverrideTableEmissionScale = 1
DynamicDayNight = 0
EmissionScale = 0.446965
AAFactor = 0.90