[Player]
BallTrailStrength = 0.490196
ScreenPlayerZ = 101.001282
JoyAddCredit2Key = 1
AAFactor = 0.80
OverrideTableEmissionScale = 1
DynamicDayNight = 0
EmissionScale = 0.204470

[TableOverride]
ViewCabMode = 2
ViewCabScaleX = 1.229990
ViewCabScaleY = 1.059996
ViewCabScaleZ = 1.000000
ViewCabRotation = 180.000000
ViewCabHOfs = 0.000000
ViewCabVOfs = -26.260410
ViewCabWindowTop = 370.541931
ViewCabWindowBot = 82.953217