[Player]
ScreenPlayerY = 10.049911
ScreenPlayerX = 0.000054
ScreenPlayerZ = 99.981506

[TableOverride]
ViewCabMode = 2
ViewCabScaleX = 1.114641
ViewCabScaleY = 0.988899
ViewCabScaleZ = 1.079559
ViewCabRotation = 180.000000
ViewCabHOfs = 0.000000
ViewCabVOfs = 0.000000
ViewCabWindowTop = 37.273087
ViewCabWindowBot = 0.318153
