[TableOverride]
ViewCabMode = 2
ViewCabScaleX = 1.302740
ViewCabScaleY = 0.969205
ViewCabScaleZ = 1.000000
ViewCabRotation = 180.000000
ViewCabHOfs = 0.000000
ViewCabVOfs = 0.038202
ViewCabWindowTop = 179.635101
ViewCabWindowBot = 186.758286

[Player]
ScreenPlayerY = 17.296146
ScreenPlayerZ = 91.277702
ScreenWidth = 0.000000
ScreenHeight = 0.000000
ScreenInclination = 0.000000
OverrideTableEmissionScale = 1
DynamicDayNight = 0
EmissionScale = 0.300195