[TableOverride]
ViewCabMode = 2
ViewCabScaleX = 1.054639
ViewCabScaleY = 0.958376
ViewCabScaleZ = 0.790965
ViewCabRotation = 180.000000
ViewCabHOfs = 0.041100
ViewCabVOfs = 32.356812
ViewCabWindowTop = 19.250854
ViewCabWindowBot = 40.806107