[Player]
OverrideTableEmissionScale = 1
DynamicDayNight = 0
EmissionScale = 0.194685
ScreenPlayerY = 9.978749
ScreenPlayerZ = 99.990883
ScreenWidth = 0.000000
ScreenHeight = 0.000000
ScreenInclination = 0.000000

[TableOverride]
ToneMapper = 2
ViewCabMode = 2
ViewCabScaleX = 1.228113
ViewCabScaleY = 1.000076
ViewCabScaleZ = 0.890911
ViewCabRotation = 180.000000
ViewCabHOfs = 0.000000
ViewCabVOfs = 0.039593
ViewCabWindowTop = 370.541931
ViewCabWindowBot = 117.490227