[Player]
ScreenWidth = 0
ScreenHeight = 0
ScreenInclination = 0
ScreenPlayerY = 8.011645
ScreenPlayerZ = 100.038658
BAMHeadTracking = 
ViewCabMode = 2
ViewCabRotation = 180.000000
ViewCabScaleX = 1.169850
ViewCabScaleY = 1.130170
ViewCabScaleZ = 1.000000
ViewCabHOfs = 0.000000
ViewCabVOfs = -110.000000
ViewCabWindowTop = 325.541931
ViewCabWindowBot = 83.953270

[TableOverride]
ViewCabMode = 2
ViewCabScaleX = 1.102961
ViewCabScaleY = 0.979093
ViewCabScaleZ = 0.796611
ViewCabRotation = 180.000000
ViewCabHOfs = 0.000000
ViewCabVOfs = 24.802286
ViewCabWindowTop = 0.720974
ViewCabWindowBot = 0.673261