[Player]
BallTrailStrength = 0.490196
AlphaRampAccuracy = 10
OverrideTableEmissionScale = 1
JoyAddCredit2Key = 1
DynamicDayNight = 0
EmissionScale = 0.399665
ScreenPlayerZ = 93.260506
ScreenWidth = 0.000000
ScreenHeight = 0.000000
ScreenInclination = 0.000000
ScreenPlayerY = 21.319296

[TableOverride]
ViewCabMode = 2
ViewCabScaleX = 1.280257
ViewCabScaleY = 1.061951
ViewCabScaleZ = 1.000000
ViewCabRotation = 180.000000
ViewCabHOfs = -0.029701
ViewCabVOfs = -33.586933
ViewCabWindowTop = 374.058929
ViewCabWindowBot = 130.506195
