[Standalone]
B2SHideB2SDMD              = 0
B2SHideDMD                 = 0

[TableOverride]
ViewCabMode = 2
ViewCabScaleX = 1.085773
ViewCabScaleY = 1.046093
ViewCabScaleZ = 0.915924
ViewCabRotation = 180.000000
ViewCabHOfs = 0.000000
ViewCabVOfs = -4.562901
ViewCabWindowTop = 248.799896
ViewCabWindowBot = 83.953270