[TableOverride]
ViewCabMode = 2
ViewCabScaleX = 1.106503
ViewCabScaleY = 0.999257
ViewCabScaleZ = 0.921642
ViewCabRotation = 180.000000
ViewCabHOfs = 0.000000
ViewCabVOfs = 16.791111
ViewCabWindowTop = 39.186165
ViewCabWindowBot = 0.175169
ToneMapper = 1

[Player]
OverrideTableEmissionScale = 1
DynamicDayNight = 0
EmissionScale = 0.390740
ScreenPlayerY = 18.310352
ScreenPlayerZ = 95.328888
ScreenPlayerX = 0.027300
ScreenWidth = 0.000000
ScreenHeight = 0.000000
ScreenInclination = 0.000000
