[Player]
BallTrailStrength = 0.490196
OverrideTableEmissionScale = 1
ScreenPlayerY = 8.037444
ScreenPlayerZ = 99.981346
ScreenWidth = 0.000000
ScreenHeight = 0.000000
ScreenInclination = 0.000000
DynamicDayNight = 0
EmissionScale = 0.302865

[TableOverride]
ViewCabMode = 2
ViewCabScaleX = 1.099392
ViewCabScaleY = 0.982103
ViewCabScaleZ = 0.928955
ViewCabRotation = 180.000000
ViewCabHOfs = 0.038900
ViewCabVOfs = 12.625301
ViewCabWindowTop = 0.237893
ViewCabWindowBot = 0.386139
ToneMapper = 0
