[Standalone]
BackBufferScale = 0.666666

[Player]
BallTrailStrength = 0.490196
OverrideTableEmissionScale = 1
ScreenPlayerY = 8.001756
ScreenPlayerZ = 100.262527
ScreenWidth = 0.000000
ScreenHeight = 0.000000
ScreenInclination = 0.000000
DynamicDayNight = 0
EmissionScale = 0.302865
AAFactor = 0.90

[TableOverride]
ViewCabMode = 2
ViewCabScaleX = 1.084165
ViewCabScaleY = 0.979043
ViewCabScaleZ = 0.997140
ViewCabRotation = 180.000000
ViewCabHOfs = 0.035500
ViewCabVOfs = 1.704783
ViewCabWindowTop = 0.909923
ViewCabWindowBot = 0.746140
ToneMapper = 0