[Standalone]
BackBufferScale = 0.666666
B2SDMDAutoPlacePinMAME = 0

[Player]
BallTrailStrength = 0.490196
OverrideTableEmissionScale = 1
ScreenPlayerZ = 94.021172
DynamicDayNight = 0
EmissionScale = 0.704045
ScreenWidth = 0.000000
ScreenHeight = 0.000000
ScreenInclination = 0.000000
ScreenPlayerX = 0.020047
ScreenPlayerY = 9.966850
AAFactor = 0.90

[TableOverride]
ViewCabMode = 2
ViewCabScaleX = 1.262894
ViewCabScaleY = 1.020791
ViewCabScaleZ = 0.900965
ViewCabRotation = 180.000000
ViewCabHOfs = 0.000000
ViewCabVOfs = 0.000000
ViewCabWindowTop = 220.779892
ViewCabWindowBot = 91.199257
ToneMapper = 2
