[TableOverride]
ViewCabMode = 2
ViewCabScaleX = 1.171281
ViewCabScaleY = 1.088030
ViewCabScaleZ = 1.000000
ViewCabRotation = 180.000000
ViewCabHOfs = 0.000000
ViewCabVOfs = -14.728398
ViewCabWindowTop = 394.513916
ViewCabWindowBot = 73.259171

[Player]
ScreenPlayerY = 25.314951
ScreenPlayerZ = 98.316971
ScreenWidth = 0.000000
ScreenHeight = 0.000000
ScreenInclination = 0.000000