[TableOverride]
ViewCabMode = 2
ViewCabScaleX = 1.089464
ViewCabScaleY = 0.975270
ViewCabScaleZ = 0.873958
ViewCabRotation = 180.000000
ViewCabHOfs = 0.000000
ViewCabVOfs = 22.918406
ViewCabWindowTop = 0.020860
ViewCabWindowBot = 0.549264

[Player]
ScreenPlayerX = 0.018550
ScreenPlayerY = 10.007302
OverrideTableEmissionScale = 1
DynamicDayNight = 0
EmissionScale = 0.298460