[Player]
OverrideTableEmissionScale = 1
DynamicDayNight = 0
EmissionScale = 0.299605
ScreenPlayerY = 12.008049
ScreenPlayerZ = 99.984856

[TableOverride]
ViewCabMode = 2
ViewCabScaleX = 1.275825
ViewCabScaleY = 1.029761
ViewCabScaleZ = 0.874546
ViewCabRotation = 180.000000
ViewCabHOfs = 0.000000
ViewCabVOfs = 0.000000
ViewCabWindowTop = 303.796906
ViewCabWindowBot = 92.122269
