[Player]
OverrideTableEmissionScale = 1
DynamicDayNight = 0
EmissionScale = 0.299605
ScreenPlayerY = 12.008049
ScreenPlayerZ = 99.984856

[TableOverride]
ViewCabMode = 2
ViewCabScaleX = 1.261161
ViewCabScaleY = 0.997299
ViewCabScaleZ = 0.941196
ViewCabRotation = 180.000000
ViewCabHOfs = 0.000000
ViewCabVOfs = 0.000000
ViewCabWindowTop = 271.633911
ViewCabWindowBot = 108.838226
